   3    0    0    0    0    0    0    0    0    0 
   0    0    0    0    0    0    0    0    0    0 
   0    0    0    0    0    0    0    0    0    0 

   0    0    0    0    0    0    0    0    0    0 
   0    0    0    0    0    0    0    0    0    0 
   0    0    0    0    0    0    0    0    0    0 

  53  867   49   28   50   46  172   35  171  743 
1585  661 1583   52   54   85    4 1584  236 1563 
   0    0    0    0    0    0    0    0    0    0 

 244 2507  215  473  901 2508  367  896  122  203 
 755  904  215  518  418 2504  932 1744  181 2509 
 204  282  280  102  210  373  180  907  905  378 

1299  672 1594 1136  720 1595  853 1596 1124 1597 
1299 1123 1594 1596 1124  672 1595  853  720 1597 
1594  672 1299   53 1595 1123  720 1596 1124 1204 

 450  945  360  845  964  633  115  936  952 1748 
 885  949  364 2501  368  647  370  821  937   28 
 283  744  241  281  965  363   11   73  393  819 

1594 1299 1598   85 1599  711  823 1600  667   21 
1246 1299 1598 1333  691 1599 1594   85 1600  667 
 823 1246 1333  691 1599 1594   36 1198   85 1600 

1870 1871 1872 1873 1874 1875 1876 1877 1878 1879 
1880 1881 1882 1883 1884 1885 1886 1887 1888 1889 
1890 1891 1892 1893 1894 1895 1896 1897 1898 1899 

 932  927 1070 2262 1139  805  136 2638 2695 2029 
2695 1501 2401 1812 1588  688 2114 2277 1843 1842 
2289 2329 2638 1714 2637 1139 2612 2267  227 2864 

1913 1914 1915 1916 1917 1918 1919 1920 1921 1922 
   0    0    0    0    0    0    0    0    0    0 
1923 1924 1925 1926 1927 1928 1929 1930 1931 1932 

1023 2696 2035  667  943 2588 2027  442  932 1230 
   0    0    0    0    0    0    0    0    0    0 
1843 1842  740 2696 2403 2268 1589 2291 2046 1674 

 646    0  682    0    0    0    0    0    0    0 
1971 1969 1970 1968 1972 1973 1974 1975 1976 1977 
   0    0    0    0    0    0    0    0    0    0 

2829 2682 2830 2828 1843 1588 2837 1611 2831 2832 
2794 2308 2839 2791 2793 2789 2846 2795 2838 2792 
2840 2786 2782 2780 2785 2787 2783 2781 2784 2790 

2010 2012 2013 2014 2015 2016 2017 2018 2019 2020 
2021 2022 2023 2024 2025 2026 2027 2028 2029 2030 
2040 2031 2032 2034 2033 2037 2036 2036 2038 2039 

2877 2878 2879 2880 2881 2882 2883 2884 2885 2886 
2887 2888 2906 2889 2890 2891 2892 2893 2894 2895 
2903 2896 2897 2900 2898 2902 2899 2904 2901 2905 

