#TABLE

12

None~
Non~
0
0
0
0
0
0
0
0
0
0
0
0
0
0
0
0
0
0
0
0
0
0
0
0
0

Secomber~
Sec~
0
0
0
100
70
70
70
80
75
80
70
5
5
0
0
0
100
80
10
90
65
5
70
40
0

Eleint~
Ele~
0
0
0
70
100
75
60
75
80
70
60
10
20
0
0
0
100
70
0
80
70
0
50
40
0

Thorstag~
Tho~
0
0
0
70
75
100
80
70
70
70
60
5
10
0
0
0
100
80
10
90
70
5
70
55
0

Khedrun~
Khe~
0
0
0
70
70
80
100
70
50
75
60
10
10
0
0
0
100
75
10
90
80
5
70
40
0

Stahl~
Sta~
0
0
0
70
60
60
60
60
70
70
100
10
10
0
0
0
90
80
5
90
100
5
75
50
0

Karse~
Kar~
0
0
0
5
10
5
10
20
20
20
10
100
75
70
80
60
0
10
80
0
20
90
5
60
85

Nethril~
Net~
0
0
0
5
5
10
10
0
0
20
10
75
100
70
60
70
0
5
65
0
10
90
0
15
95

Azak~
Aza~
0
0
0
0
0
0
5
5
20
10
0
70
70
100
60
60
0
10
80
0
20
85
0
25
90

Jezvik~
Jvk~
0
0
0
0
0
0
0
5
10
20
0
80
60
70
100
70
0
15
70
0
30
90
0
35
95

Dvyie~
Dvy~
0
0
0
0
0
0
0
5
10
20
0
60
70
60
70
100
0
60
70
0
20
95
5
60
75

Byzantil~
Byz~
0
0
0
65
100
95
80
100
5
5
50
20
0
0
0
80
60
80
60
65
70
65
40
50
40


