#TABLE

229

appraise~
~
0
~
0
3
5
5
2
7
4
3
4
-1
3
5
5
3
20
23
7
13
1
1

assassinate~
backstab~
10
~
0
3
-1
-1
8
-1
-1
-1
-1
-1
-1
-1
-1
30
-1
-1
-1
-1
-1
-1

backstab~
sneak~
7
hide~
7
3
-1
-1
4
-1
-1
-1
-1
-1
-1
-2
-2
10
-2
-2
-2
-2
-2
-2

bandage~
~
0
~
0
3
3
2
2
2
2
2
2
4
2
1
1
1
1
1
1
1
1
1

bash~
punch~
5
~
0
3
5
5
6
3
3
3
3
5
4
25
20
15
5
7
7
7
10
5

bear grasp~
locust kick~
7
~
0
3
-1
-1
-1
-1
-1
-1
7
-1
-1
-1
-1
-1
-1
-1
-1
27
-1
-1

berserk~
second attack~
7
~
0
3
-1
-1
-1
8
-1
-1
-1
-1
-1
-2
-2
-2
30
-2
-2
-2
-2
-2

blind fighting~
trance~
7
~
0
3
-1
-1
-1
-1
-1
-1
8
-1
-1
-1
-1
-1
-1
-1
-1
33
-1
-1

camouflage~
hide~
10
sneak~
10
3
-1
-1
15
-1
-1
15
-1
-1
-1
-1
-1
60
-1
-1
75
-1
-1
-1

charge~
berserk~
10
disarm~
7
3
-1
-1
-1
15
-1
-1
-1
-1
-1
-1
-1
-1
60
-1
-1
-1
-1
-1

climb~
~
0
~
0
3
3
3
2
2
2
2
2
2
2
1
1
1
1
1
1
1
1
1

counter attack~
~
0
~
0
3
-1
-1
-1
-1
-1
-1
-1
-1
-1
-1
-1
-1
-1
-1
-1
-1
-1
-1

cover tracks~
track~
7
~
5
3
-1
-1
-1
-1
-1
5
-1
-1
-1
-2
-2
-2
-2
-2
99
-2
-2
-2

critical hit~
punch~
7
kick~
7
3
-1
-1
-1
-1
-1
-1
6
-1
-1
-2
-2
-2
-2
-2
-2
15
-2
-2

death strike~
demon slash~
10
stun~
10
3
-1
-1
-1
-1
-1
-1
25
-1
-1
-2
-2
-2
-2
-2
-2
80
-2
-2

demon slash~
dragon strike~
7
~
10
3
-1
-1
-1
-1
-1
-1
20
-1
-1
-2
-2
-2
-2
-2
-2
70
-2
-2

disarm~
parry~
7
~
3
3
-1
-1
10
6
6
7
12
-1
15
-2
-2
40
15
25
25
30
-2
30

disguise~
rescue~
7
~
9
3
-1
-1
-1
-1
-1
-1
-1
-1
-1
-1
-1
99
-1
-1
99
-1
-1
-1

dodge~
~
0
~
0
3
10
5
2
3
3
3
2
5
3
5
5
3
3
3
3
1
1
1

dragon strike~
eagle claw~
10
spin kick~
7
3
-1
-1
-1
-1
-1
-1
15
-1
-1
-2
-2
-2
-2
-2
-2
65
-2
-2

eagle claw~
stun~
7
~
0
3
-1
-1
-1
-1
-1
-1
12
-1
-1
-1
-1
-1
-1
-1
-1
50
-1
-1

eye gouge~
assassinate~
10
disarm~
7
3
-1
-1
12
-1
-1
-1
-1
-1
-1
-1
-1
60
-1
-1
-1
-1
-1
-1

fifth attack~
fourth attack~
7
~
10
3
-1
-1
-1
20
-1
-1
20
-1
-1
-2
-2
-2
70
-2
-2
75
-2
-2

fourth attack~
third attack~
10
guard~
7
3
-1
-1
-1
12
12
10
12
-1
-1
-2
-2
-2
50
60
60
55
-2
-2

frenzy~
rescue~
7
berserk~
10
3
-1
-1
-1
25
-1
-1
-1
-1
-1
-1
-1
-1
80
-1
-1
-1
-1
-1

garrote~
rescue~
7
~
9
3
-1
-1
10
-1
-1
7
-1
-1
10
-1
-1
75
-1
-1
99
-1
-1
-1

guard~
rescue~
7
disarm~
7
3
-1
-1
25
8
7
10
12
-1
10
-2
-2
75
35
45
53
47
-2
60

haggle~
~
7
~
0
3
-1
-1
4
-1
-1
-1
-1
-1
3
-2
-2
13
10
-2
-2
-2
-2
10

heist~
~
7
~
0
3
-1
-1
-1
-1
-1
-1
-1
-1
3
-2
-2
99
-1
-2
-2
-2
-2
10

hide~
~
0
~
0
3
-1
-1
3
-1
-1
4
-1
-1
5
-2
-2
5
-2
-2
10
-2
-2
5

inspect~
peek~
7
searching~
7
3
-1
-1
4
-1
-1
-1
-1
-1
-1
-2
-2
10
-2
-2
-2
-2
-2
20

kick~
~
5
~
3
3
5
4
4
3
3
3
2
5
4
10
5
5
1
5
5
1
20
5

lay hands~
bless~
3
cure light~
3
3
-1
-1
-1
-1
4
-1
-1
-1
-1
-2
3
-2
-2
13
-2
-2
-2
-2

locust kick~
tiger paw~
7
~
0
3
-1
-1
-1
-1
-1
-1
6
-1
-1
-1
-1
-1
-1
-1
-1
20
-1
-1

meditate~
~
0
~
0
3
-1
-1
-1
-1
-1
-1
4
-1
-1
-2
-2
-2
-2
-2
-2
5
-2
-2

melee~
fourth attack~
7
rescue~
7
3
-1
-1
-1
15
15
-1
-1
-1
-1
-2
-2
-2
65
85
-1
-2
-2
-2

mounted fighting~
second attack~
10
riding~
7
3
-1
-1
-1
20
6
10
-1
-1
-1
-2
-2
-2
75
53
65
-2
-2
-2

off-hand attack~
third attack~
10
~
-1
3
-1
-1
15
10
10
10
-1
-1
15
-2
-2
70
40
55
55
-1
-2
65

parry~
dodge~
7
~
3
3
12
7
6
4
4
5
5
12
5
35
17
15
5
7
10
10
30
15

peek~
~
0
~
0
3
-1
-1
4
-1
-1
-1
-1
-1
4
-2
-2
7
-2
-2
-2
-2
-2
10

pick lock~
inspect~
7
~
3
3
-1
-1
5
-1
-1
-1
-1
-1
-1
-2
-2
15
-2
-2
-2
-2
-2
-2

power strike~
berserk~
7
off-hand attack~
7
3
-1
-1
-1
12
-1
-1
-1
-1
-1
-1
-1
-1
55
-1
-1
-1
-1
-1

probe~
~
6
~
6
0
-1
-1
-1
-1
-1
-1
-1
3
-1
-2
-2
-2
-2
-2
-2
-2
10
-2

punch~
unarmed~
3
~
6
3
4
3
2
2
2
2
2
4
2
1
1
1
1
1
1
1
1
1

regeneration~
lay hands~
7
~
1
3
-1
-1
-1
-1
15
-1
-1
-1
-1
-2
-2
-1
-1
75
-1
-1
-2
-1

rescue~
parry~
7
~
3
3
-1
-1
20
5
5
6
7
-1
6
-2
-2
60
10
15
15
20
-2
30

riding~
~
2
~
2
3
4
4
3
3
3
3
4
4
3
10
15
10
13
5
5
13
1
1

scan~
searching~
7
~
3
3
-1
-1
8
10
-1
5
-1
-1
-1
-2
-2
25
45
-2
30
-2
-2
-2

searching~
~
7
~
7
3
6
6
4
6
6
3
6
-1
5
1
1
1
1
1
1
1
1
1

second attack~
punch~
7
kick~
7
3
20
10
7
5
5
5
5
20
7
43
23
17
10
15
15
10
45
15

shadow dance~
meditate~
7
parry~
7
3
-1
-1
-1
-1
-1
-1
7
-1
-1
-2
-2
-2
-2
-2
-2
23
-2
-2

shield~
~
0
~
0
3
-1
10
10
4
4
5
8
-1
6
-2
33
33
7
10
15
17
-2
30

sneak~
~
0
~
0
3
-1
-1
2
-1
-1
4
-1
-1
6
-2
-2
1
-2
-2
5
-2
-2
5

spin kick~
locust kick~
7
tiger paw~
10
3
-1
-1
-1
-1
-1
-1
10
-1
-1
-2
-2
-2
-2
-2
-2
45
-2
-2

steal~
sneak~
7
peek~
7
3
-1
-1
7
-1
-1
-1
-1
-1
-1
-2
-2
27
-2
-2
-2
-2
-2
25

stun~
critical hit~
10
bear grasp~
10
3
-1
-1
-1
-1
-1
-1
10
-1
-1
-2
-2
-2
-2
-2
-2
40
-2
-2

sweep~
~
6
~
6
0
-1
-1
-1
-1
-1
-1
-1
5
-1
-2
-2
-2
-2
-2
-2
-2
30
-2

sweeping kick~
~
0
~
0
3
-1
-1
-1
-1
-1
-1
-1
-1
-1
-1
-1
-1
-1
-1
-1
-1
-1
-1

swimming~
~
0
~
0
3
3
3
2
2
2
2
2
3
2
1
1
1
1
1
1
1
1
1

third attack~
second attack~
10
parry~
7
3
-1
15
12
7
7
7
8
-1
15
-2
55
45
25
35
35
35
-2
50

tiger paw~
punch~
7
kick~
7
3
-1
-1
-1
-1
-1
-1
4
-1
-1
-2
-2
-2
-2
-2
-2
5
-2
-2

track~
searching~
7
~
7
3
-1
-1
10
-1
-1
4
-1
-1
-1
-2
-2
35
-2
-2
23
-2
-2
-2

trance~
meditate~
7
~
7
3
-1
-1
-1
-1
-1
-1
7
-1
-1
-2
-2
-2
-2
-2
-2
25
-2
-2

transfer energy~
trance~
10
~
0
3
-1
-1
-1
-1
-1
-1
15
-1
-1
-1
-1
-1
-1
-1
-1
60
-1
-1

trip~
kick~
7
hide~
7
3
-1
-1
7
-1
-1
-1
-1
-1
-1
-1
-1
50
-1
-1
-1
-1
-1
-1

tumble~
dodge~
10
~
0
3
-1
-1
12
-1
-1
-1
-1
-1
-1
-1
-1
55
-1
-1
-1
-1
-1
-1

untrap~
inspect~
7
pick lock~
7
3
-1
-1
6
-1
-1
-1
-1
-1
-1
-2
-2
20
-2
-2
-2
-2
-2
-2

primal~
~
0
~
0
1
0
0
0
0
0
0
0
0
0
1
1
1
1
1
1
1
1
1

humanic~
~
0
~
0
1
2
2
2
2
2
2
2
2
2
1
1
1
1
1
1
1
1
1

elvish~
~
0
~
0
1
2
2
2
2
2
2
2
2
2
1
1
1
1
1
1
1
1
1

gnomish~
~
0
~
0
1
2
2
2
2
2
2
2
2
2
1
1
1
1
1
1
1
1
1

dwarvish~
~
0
~
0
1
2
2
1
1
1
2
2
1
1
1
1
1
1
1
1
1
1
1

thennish~
~
0
~
0
1
2
2
2
2
2
2
2
2
2
1
1
1
1
1
1
1
1
1

entish~
~
0
~
0
1
3
3
3
2
3
1
3
3
2
1
1
1
1
1
1
1
99
1

centaur~
~
0
~
0
1
2
2
2
2
2
2
2
1
1
1
1
1
1
1
1
1
1
1

slisp~
~
0
~
0
1
3
3
3
3
3
3
3
3
3
1
1
1
1
1
1
1
1
1

ogrish~
~
0
~
0
1
2
2
2
2
2
2
2
2
2
1
1
1
1
1
1
1
1
1

trollish~
~
0
~
0
1
2
2
2
2
2
2
2
2
2
1
1
1
1
1
1
1
1
0

orcish~
~
0
~
0
1
2
2
2
2
2
2
2
2
2
1
1
1
1
1
1
1
1
1

goblish~
~
0
~
0
1
2
2
2
2
2
2
2
2
2
1
1
1
1
1
1
1
1
1

vyanian~
~
0
~
0
1
2
2
2
2
2
2
2
2
2
1
1
1
1
1
1
1
1
1

amnesia~
~
7
~
7
2
-1
-1
-1
-1
-1
-1
-1
-1
-1
0
0
0
0
0
0
0
0
0

animate clay~
animate dead~
7
heal~
5
2
-1
8
-1
-1
-1
-1
-1
-1
-1
-2
45
-2
-2
-2
-2
-2
-2
-2

animate dead~
~
0
~
0
2
-1
5
-1
-1
-1
-1
-1
-1
-1
-2
17
-2
-2
-2
-2
-2
-2
-2

armor~
~
0
~
0
2
-1
2
-1
-1
4
-1
-1
-1
-1
-2
1
-2
-2
3
-2
-2
-2
-2

banishment~
turn undead~
7
~
0
2
-1
9
-1
-1
-1
-1
-1
-1
-1
-1
60
-1
-1
-1
-1
-1
-1
-1

barkskin~
~
0
~
0
2
-1
-1
-1
-1
-1
7
-1
-1
-1
-1
-1
-1
-1
-1
30
-1
-1
-1

bless~
armor~
5
~
6
2
-1
2
-1
-1
4
-1
-1
-1
-1
-2
1
-2
-2
10
-2
-2
-2
-2

blind~
~
7
~
7
2
4
-1
-1
-1
-1
6
-1
-1
6
23
-2
-2
-2
-2
27
-2
-2
30

blinding light~
create light~
7
~
9
2
3
-1
-1
-1
-1
-1
-1
-1
-1
13
-2
-2
-2
-2
-2
-2
-2
-2

blink~
~
25
~
7
2
6
-1
-1
-1
-1
-1
-1
6
-1
30
-2
-2
-2
-2
-2
-2
20
-2

burning hands~
~
7
~
7
2
3
-1
-1
-1
-1
5
-1
-1
5
5
-2
-2
-2
-2
17
-2
-2
15

call lightning~
cause critical~
7
~
0
2
-1
7
-1
-1
-1
-1
-1
-1
-1
-1
43
-1
-1
-1
-1
-1
-1
-1

calm~
~
0
~
0
2
3
3
-1
-1
4
3
-1
3
5
1
7
-2
-2
13
3
-2
1
15

cause critical~
cause serious~
7
cure critical~
7
2
-1
6
-1
-1
-1
-1
-1
-1
-1
-2
30
-2
-2
-2
-2
-2
-2
-2

cause light~
cure light~
3
~
7
2
-1
3
-1
-1
-1
-1
-1
-1
-1
-2
3
-2
-2
-1
-2
-2
-2
-2

cause serious~
cause light~
7
cure serious~
7
2
-1
5
-1
-1
-1
-1
-1
-1
-1
-2
20
-2
-2
-1
-2
-2
-2
-2

chain lightning~
lightning bolt~
10
~
7
2
8
-1
-1
-1
-1
-1
-1
-1
-1
45
-2
-2
-2
-2
-2
-2
-2
-2

chilling touch~
~
5
~
5
2
3
-1
-1
-1
-1
-1
-1
-1
5
5
-2
-2
-2
-2
-2
-2
-2
10

confuse~
hallucinate~
10
~
7
2
15
-1
-1
-1
-1
-1
-1
7
-1
99
-2
-2
-2
-2
-2
-2
30
-2

continual light~
create light~
10
~
5
2
4
5
-1
-1
7
7
-1
7
-1
27
27
-2
-2
40
40
-2
45
-2

create feast~
create food~
7
~
5
2
-1
3
-1
-1
4
-1
-1
-1
-1
-2
37
-2
-2
99
-2
-2
-2
-2

create food~
create water~
7
~
5
2
3
2
-1
-1
4
3
-1
-1
4
5
5
-2
-2
15
10
-2
1
15

create light~
~
0
~
0
2
2
2
-1
-1
2
2
-1
2
2
1
1
-2
-2
5
5
-2
1
5

create water~
create light~
7
~
5
2
3
2
-1
-1
3
3
-1
-1
4
3
3
-2
-2
10
7
-2
10
5

cure blindness~
~
7
~
5
2
-1
4
-1
-1
6
6
-1
-1
-1
-2
10
-2
-2
33
30
-2
-2
-2

cure critical~
cure serious~
7
holy wrath~
7
2
-1
5
-1
-1
15
-1
-1
-1
-1
-2
25
-2
-2
80
-2
-2
-2
-2

cure disease~
cure poison~
7
cure blindness~
7
2
-1
5
-1
-1
8
-1
-1
-1
-1
-2
23
-2
-2
45
-2
-2
-2
-2

cure light~
~
0
~
0
2
-1
2
-1
-1
4
-1
-1
-1
-1
-2
1
-2
-2
7
-2
-2
-2
-2

cure poison~
~
5
~
4
2
-1
4
-1
-1
6
5
-1
-1
-1
-2
7
-2
-2
23
15
-2
-2
-2

cure serious~
cure light~
7
bless~
7
2
-1
5
-1
-1
6
-1
-1
-1
-1
-2
15
-2
-2
30
-2
-2
-2
-2

curse~
bless~
5
~
7
2
-1
3
-1
-1
4
-1
-1
-1
-1
-2
3
-2
-2
17
-2
-2
-2
-2

detect evil~
~
3
~
7
2
-1
3
-1
-1
5
-1
-1
3
-1
-2
5
-2
-2
20
-2
-2
3
-2

detect good~
~
3
~
7
2
-1
3
-1
-1
5
-1
-1
3
-1
-2
5
-2
-2
20
-2
-2
3
-2

detect hidden~
create light~
7
detect magic~
7
2
4
-1
-1
-1
-1
6
-1
4
-1
10
-2
-2
-2
-2
27
-2
5
30

detect invisible~
detect hidden~
7
~
7
2
5
-1
-1
-1
-1
-1
-1
3
-1
25
-2
-2
-2
-2
-2
-2
10
-2

detect magic~
~
0
~
0
2
2
-1
-1
-1
-1
5
-1
4
4
1
-2
-2
-2
-2
17
-2
1
10

displace~
fire shield~
7
eagle eye~
7
2
7
-1
-1
-1
-1
-1
-1
-1
-1
30
-2
-2
-2
-2
-2
-2
-2
-2

drain life~
cause critical~
7
~
0
2
-1
6
-1
-1
-1
-1
-1
-1
-1
-1
37
-2
-2
-1
-2
-2
-2
-2

eagle eye~
detect hidden~
7
~
7
2
5
-1
-1
-1
-1
-1
-1
2
-1
27
-2
-2
-2
-2
-2
-2
20
-2

faerie fire~
create light~
7
burning hands~
3
2
3
-1
-1
-1
-1
4
-1
-1
4
7
-2
-2
-2
-2
23
-2
-2
15

fear~
sleep~
7
~
0
2
9
-1
-1
-1
-1
15
-1
-1
-1
60
-1
-1
-1
-1
85
-1
-1
-1

find familiar~
detect magic~
7
lesser summoning~
5
2
5
-1
-1
-1
-1
-1
-1
-1
-1
20
-2
-2
-2
-2
-2
-2
-2
-2

fire shield~
faerie fire~
7
mystic shield~
7
2
5
-1
-1
-1
-1
-1
-1
-1
-1
20
-2
-2
-2
-2
-2
-2
-2
-2

fireball~
blinding light~
7
burning hands~
7
2
4
-1
-1
-1
-1
-1
-1
-1
-1
15
-2
-2
-2
-2
-2
-2
-2
-2

freeze~
chilling touch~
7
~
5
2
5
-1
-1
-1
-1
-1
-1
-1
-1
17
-2
-2
-2
-2
-2
-2
-2
-2

gift of tongues~
~
0
~
0
2
-1
8
-1
-1
12
-1
-1
3
-1
-2
40
-2
-2
57
-2
-2
15
-2

greater animation~
animate dead~
8
~
0
2
-1
6
-1
-1
-1
-1
-1
-1
-1
-1
35
-1
-1
-1
-1
-1
-1
-1

hallucinate~
mists of sleep~
7
~
0
2
7
-1
-1
-1
-1
-1
-1
3
-1
99
-2
-2
-2
-2
-2
-2
-2
-2

harm~
cause critical~
7
heal~
7
2
-1
8
-1
-1
-1
-1
-1
-1
-1
-2
55
-2
-2
-2
-2
-2
-2
-2

hawks view~
detect hidden~
5
infravision~
7
2
-1
-1
-1
-1
-1
7
-1
-1
-1
-2
-1
-2
-2
-2
43
-2
-2
-2

heal~
cure critical~
10
~
8
2
-1
8
-1
-1
-1
-1
-1
-1
-1
-2
45
-2
-2
-2
-2
-2
-2
-2

holy wrath~
bless~
7
~
7
2
-1
3
-1
-1
6
-1
-1
-1
-1
-2
5
-2
-2
27
-2
-2
-2
-2

ice storm~
freeze~
7
~
5
2
8
-1
-1
-1
-1
-1
-1
-1
-1
47
-2
-2
-2
-2
-2
-2
-2
-2

identify~
detect hidden~
7
eagle eye~
7
2
8
-1
-1
-1
-1
-1
-1
-1
-1
35
-2
-2
-2
-2
-2
-2
30
-2

ignite weapon~
burning hands~
7
detect magic~
7
2
4
-1
-1
-1
-1
-1
-1
-1
6
33
-2
-2
-2
-2
-2
-2
-2
45

infravision~
~
7
~
7
2
5
-1
-1
-1
-1
5
-1
5
7
17
-2
-2
-2
-2
25
-2
10
25

invisibility~
detect invisible~
5
displace~
7
2
8
-1
-1
-1
-1
-1
-1
-1
-1
53
-2
-2
-2
-2
-2
-2
-2
-2

lightning bolt~
fireball~
10
shock~
7
2
6
-1
-1
-1
-1
-1
-1
-1
-1
20
-2
-2
-2
-2
-2
-2
-2
-2

locust swarm~
calm~
7
~
7
2
-1
6
-1
-1
10
-1
-1
-1
-1
-2
99
-2
-2
99
-2
-2
-2
-2

magic mapping~
~
7
~
7
2
-1
-1
-1
-1
-1
-1
-1
-1
-1
0
0
0
0
0
0
0
0
0

magic missile~
~
3
~
5
2
3
-1
-1
-1
-1
-1
-1
-2
-1
1
-2
-2
-2
-2
-2
-2
-2
-2

mind blade~
chilling touch~
9
heal~
9
0
-1
-1
-1
-1
-1
-1
-1
3
-1
-2
-2
-2
-2
-2
-2
-2
45
-2

minor enchantment~
continual light~
5
identify~
5
2
8
-1
-1
-1
-1
-1
-1
-1
-1
37
-2
-2
-2
-2
-2
-2
-2
-2

mists of sleep~
sleep~
10
~
7
2
7
-1
-1
-1
-1
-1
-1
5
-1
33
-2
-2
-2
-2
-2
-2
20
-2

mystic shield~
~
10
~
7
2
4
-1
-1
-1
-1
-1
-1
-1
-1
7
-2
-2
-2
-2
-2
-2
-2
-2

neutralize~
cure disease~
7
~
7
2
-1
6
-1
-1
12
-1
-1
-1
-1
-2
27
-2
-2
67
-2
-2
-2
-2

ogre strength~
vitality~
7
~
0
2
5
-1
-1
-1
-1
-1
-1
-1
-1
15
-2
-2
-2
-2
-2
-2
-2
-2

poison cloud~
web~
10
~
7
2
8
-1
-1
-1
-1
-1
-1
-1
-1
99
-2
-2
-2
-2
-2
-2
-2
-2

polymorph~
~
0
~
0
2
-1
-1
-1
-1
-1
-1
-1
-1
-1
0
0
0
0
0
0
0
0
0

protect life~
restoration~
10
cure disease~
7
2
-1
15
-1
-1
-1
-1
-1
-1
-1
-2
80
-2
-2
-2
-2
-2
-2
-2

protection plants~
~
7
~
7
2
-1
-1
-1
-1
-1
8
-1
-1
-1
-2
-2
-2
-2
-2
50
-2
-2
-2

recall~
~
7
~
7
2
-1
-1
-1
-1
-1
-1
-1
-1
-1
0
0
0
0
0
0
0
0
0

remove curse~
bless~
7
curse~
7
2
-1
5
-1
-1
8
-1
-1
-1
-1
-2
17
-2
-2
47
-2
-2
-2
-2

replicate~
minor enchantment~
7
continual light~
7
2
8
-1
-1
-1
-1
-1
-1
-1
-1
45
-2
-2
-2
-2
-2
-2
-2
-2

revitalize~
create food~
7
~
7
2
-1
5
-1
-1
8
-1
-1
-1
-1
-2
13
-2
-2
40
-2
-2
-2
-2

sanctify~
remove curse~
7
continual light~
5
2
-1
6
-1
-1
12
-1
-1
-1
-1
-2
33
-2
-2
63
-2
-2
-2
-2

sense life~
augury~
5
~
0
2
-1
5
-1
-1
-1
-1
-1
2
-1
-2
25
-2
-2
-2
-2
-2
5
-2

shock~
~
0
~
0
2
3
-1
-1
-1
-1
4
-1
-1
4
3
-2
-2
-2
-2
13
0
-2
15

silence~
~
0
~
0
2
-1
6
-1
-1
-1
-1
-1
6
-1
-2
30
-2
-2
-2
-2
-2
30
-2

slay~
harm~
10
~
7
2
-1
10
-1
-1
-1
-1
-1
-1
-1
-2
75
-2
-2
-2
-2
-2
-2
-2

sleep~
slow~
7
~
7
2
5
-1
-1
-1
-1
8
-1
3
6
20
-2
-2
-2
-2
40
-2
10
40

slow~
calm~
7
~
0
2
4
-1
-1
-1
-1
4
-1
2
3
13
-2
-2
-2
-2
20
-2
5
15

summon~
~
0
~
0
2
-1
5
-1
-1
-1
-1
-1
-1
-1
-2
23
-2
-2
-2
-2
-2
-2
-2

tame~
calm~
7
~
7
2
-1
-1
-1
-1
-1
4
-1
-1
4
-2
-2
-2
-2
-2
5
-2
-2
15

true sight~
sense life~
7
continual light~
5
2
-1
8
-1
-1
-1
-1
-1
6
-1
-2
50
-2
-2
-2
-2
-2
30
-2

turn undead~
holy wrath~
7
~
0
2
-1
5
-1
-1
8
-1
-1
-1
-1
-1
13
-1
-1
43
-1
-1
-1
-1

vitality~
~
7
~
7
2
4
-1
-1
-1
-1
-1
-1
-1
-1
7
-2
-2
-2
-2
-2
-2
-2
-2

web~
~
5
~
5
2
3
-1
-1
-1
-1
4
-1
-1
4
7
-2
-2
-2
-2
15
-2
-2
10

astral gate~
float~
5
~
5
2
8
-1
-1
-1
-1
-1
-1
-1
-1
43
-2
-2
-2
-2
-2
-2
-2
-2

float~
continual light~
5
~
5
2
8
6
-1
-1
-1
-1
-1
-1
-1
40
40
-2
-2
-1
-2
-2
-2
-2

pass door~
~
5
~
5
2
-1
-1
-1
-1
-1
-1
-1
-1
-1
-2
-2
-2
-2
-2
-2
-2
-2
-2

acid blast~
~
5
~
5
2
6
-1
-1
-1
-1
9
-1
-1
-1
25
-2
-2
-2
-2
45
-2
-2
-2

acid storm~
acid blast~
7
~
5
2
9
-1
-1
-1
-1
-1
-1
-1
-1
55
-2
-2
-2
-2
-2
-2
-2
-2

fly~
~
5
~
5
2
-1
-1
-1
-1
-1
-1
-1
-1
-1
-2
-2
-2
-2
-2
-2
-2
-2
-2

haste~
~
5
~
5
2
6
-1
-1
-1
-1
-1
-1
-1
-1
23
-2
-2
-2
-2
-2
-2
-2
-2

prismic missile~
magic missile~
8
~
5
2
8
-1
-1
-1
-1
-1
-1
-1
-1
40
-2
-2
-2
-2
-2
-2
-2
-2

maelstrom~
magic missile~
10
~
0
2
7
-1
-1
-1
-1
-1
-1
-1
-1
30
-2
-2
-2
-2
-2
-2
-2
-2

resurrection~
~
5
~
5
2
-1
-1
-1
-1
-1
-1
-1
-1
-1
-2
-2
-2
-2
-2
-2
-2
-2
-2

balm~
tame~
7
~
5
2
-1
-1
-1
-1
-1
4
-1
-1
-1
-2
-2
-2
-2
-2
13
-2
-2
-2

surcease~
balm~
10
~
5
2
-1
-1
-1
-1
-1
7
-1
-1
-1
-2
-2
-2
-2
-2
35
-2
-2
-2

lesser summoning~
~
5
~
5
2
3
-1
-1
-1
-1
-1
-1
-1
-1
3
-2
-2
-2
-2
-2
-2
-2
-2

request ally~
find familiar~
7
~
5
2
12
-1
-1
-1
-1
-1
-1
-1
-1
75
-2
-2
-2
-2
-2
-2
-2
-2

sense danger~
~
5
~
5
2
-1
-1
-1
-1
-1
-1
-1
-1
-1
-2
-2
-2
-2
-2
-2
-2
-2
-2

restoration~
heal~
10
~
5
2
-1
12
-1
-1
-1
-1
-1
-1
-1
-2
70
-2
-2
-2
-2
-2
-2
-2

flame strike~
fireball~
10
~
5
2
9
-1
-1
-1
-1
-1
-1
-1
-1
50
-2
-2
-2
-2
-2
-2
-2
-2

resist fire~
resist cold~
7
~
5
2
-1
9
-1
-1
-1
8
-1
-1
-1
-2
57
-2
-2
-2
57
-2
-2
-2

resist cold~
resist acid~
7
~
5
2
-1
8
-1
-1
-1
7
-1
-1
-1
-2
53
-2
-2
-2
47
-2
-2
-2

invulnerability~
float~
7
~
7
2
8
8
-1
-1
-1
-1
-1
-1
-1
47
50
-2
-2
-2
-2
-2
-2
-2

transfer~
~
5
~
5
2
-1
-1
-1
-1
-1
-1
-1
-1
-1
-2
-2
-2
-2
-2
-2
-2
-2
-2

protect evil~
detect evil~
7
~
5
2
-1
-1
-1
-1
12
-1
-1
-1
-1
-2
-2
-2
-2
65
-2
-2
-2
-2

protect good~
detect good~
7
~
5
2
-1
-1
-1
-1
12
-1
-1
-1
-1
-2
-2
-2
-2
65
-2
-2
-2
-2

wizard lock~
~
5
~
5
2
-1
-1
-1
-1
-1
-1
-1
-1
-1
-2
-2
-2
-2
-2
-2
-2
-2
-2

youth~
~
5
~
5
2
-1
-1
-1
-1
-1
-1
-1
-1
-1
-2
-2
-2
-2
-2
-2
-2
-2
-2

major enchantment~
minor enchantment~
10
~
5
2
10
-1
-1
-1
-1
-1
-1
-1
-1
65
-2
-2
-2
-2
-2
-2
-2
-2

augury~
~
5
~
5
2
-1
3
-1
-1
-1
-1
-1
-1
-1
-2
17
-2
-2
-2
-2
-2
-2
-2

resist acid~
~
5
~
5
2
-1
7
-1
-1
-1
7
-1
-1
-1
-2
43
-2
-2
-2
37
-2
-2
-2

resist shock~
resist fire~
7
~
5
2
-1
10
-1
-1
-1
10
-1
-1
-1
-2
67
-2
-2
-2
63
-2
-2
-2

thorn shield~
barkskin~
7
~
5
2
-1
-1
-1
-1
-1
8
-1
-1
-1
-1
-1
-1
-1
-1
43
-1
-1
-1

ice lance~
ice storm~
7
~
1
2
10
-1
-1
-1
-1
-1
-1
-1
-1
73
-1
-1
-1
-1
-1
-1
-1
-1

ion shield~
chain lightning~
7
fire shield~
7
2
10
-1
-1
-1
-1
-1
-1
-1
-1
70
-1
-1
-1
-1
-1
-1
-1
-1

meteor swarm~
prismic missile~
10
~
0
2
15
-1
-1
-1
-1
-1
-1
-1
-1
85
-1
-1
-1
-1
-1
-1
-1
-1

group critical~
group serious~
10
cure critical~
10
2
-1
10
-1
-1
-1
-1
-1
-1
-1
-1
65
-1
-1
-1
-1
-1
-1
-1

group serious~
cure serious~
10
~
1
2
-1
6
-1
-1
10
-1
-1
-1
-1
-1
27
-1
-1
50
-1
-1
-1
-1

purify~
sanctify~
7
~
-1
2
-1
7
-1
-1
15
-1
-1
-1
-1
-1
47
-1
-1
83
-1
-1
-1
-1

water breathing~
~
5
~
5
2
-1
-1
-1
-1
-1
7
-1
-1
-1
-2
-2
-2
-2
-2
33
-2
-2
-2

wither~
acid blast~
7
~
7
2
-1
-1
-1
-1
-1
12
-1
-1
-1
-1
-1
-1
-1
-1
70
-1
-1
-1

construct golem~
gift of tongues~
5
~
0
2
-1
-1
-1
-1
-1
-1
-1
-1
-1
-1
-1
-1
-1
-1
-1
-1
-1
-1

conflagration~
flame strike~
10
~
7
2
12
-1
-1
-1
-1
-1
-1
-1
-1
80
-1
-1
-1
-1
-1
-1
-1
-1

conjure elemental~
continual light~
7
resist shock~
7
2
-1
-1
-1
-1
-1
15
-1
-1
-1
-1
-1
-1
-1
-1
80
-1
-1
-1

poultice~
surcease~
10
cure poison~
7
2
-1
-1
-1
-1
-1
10
-1
-1
-1
-1
-1
-1
-1
-1
67
-1
-1
-1

scry~
summon~
7
true sight~
7
2
-1
9
-1
-1
-1
-1
-1
-1
-1
-1
63
-1
-1
-1
-1
-1
-1
-1

find_mount~
riding~
7
mounted fighting~
7
2
-1
-1
-1
-1
15
-1
-1
-1
-1
-1
-1
-1
-1
70
-1
-1
-1
-1

obscure~
identify~
8
~
0
2
-1
-1
-1
-1
-1
-1
-1
-1
-1
99
-1
-1
-1
-1
-1
-1
-1
-1

cooking~
~
5
~
5
4
3
3
3
3
3
3
3
3
3
1
1
1
1
1
1
1
1
1

leatherworking~
~
5
~
5
4
3
3
3
3
3
3
3
3
3
1
1
1
1
1
1
1
1
1

metallurgy~
~
5
~
5
4
3
3
3
3
3
3
3
3
3
1
1
1
1
1
1
1
1
1

woodworking~
~
5
~
5
4
3
3
3
3
3
2
3
3
3
1
1
1
1
1
1
1
1
1

unarmed~
~
0
~
0
0
3
3
2
2
2
2
2
3
3
1
1
1
1
1
1
1
1
1

dagger~
~
0
~
0
0
2
-1
1
1
1
1
2
1
1
1
-2
1
1
1
1
1
1
1

sword~
dagger~
5
~
5
0
-1
-1
4
3
3
3
-1
-1
4
-2
-2
1
1
1
1
-2
-2
1

club~
~
0
~
0
0
-1
4
3
2
2
2
-1
-1
4
-2
1
1
1
1
1
-2
-2
1

staff~
~
0
~
0
0
3
2
2
1
1
1
2
3
2
1
1
1
1
1
1
1
0
1

polearm~
spear~
5
staff~
5
0
-1
-1
-1
3
4
-1
-1
-1
-1
-2
-2
-2
1
5
-2
-2
-2
-2

mace~
club~
5
~
3
0
-1
4
5
2
3
3
-1
7
5
-2
1
1
1
1
1
-2
-2
1

whip~
~
0
~
0
0
6
5
5
2
-1
4
4
4
3
1
1
1
1
-2
1
1
1
1

axe~
~
0
~
0
0
-1
-1
6
3
4
4
-1
-1
6
-2
-2
1
1
1
1
-2
-2
1

bow~
slay~
3
~
3
0
-1
-1
-1
-1
-1
-1
-1
-1
-1
-2
-2
1
1
1
1
-2
-2
1

spear~
~
0
~
0
0
-1
-1
4
2
3
3
-1
-1
4
-1
-1
1
1
1
1
-1
-1
1


