16

Gem - Low Value~
1 97 1509949450 0
1039 16 1509949450 -2
1066 16 1509949450 -2
1293 16 1509949450 -2
983 16 1509949450 -2
-1

Gem - Medium Value~
0 1 1509949490 0
2 0 1509949445 0
1067 16 1509949445 -2
1068 16 1509949445 -2
-1

Gem - High Value~
0 1 1509949480 0
1 0 1509949460 0
105 16 1509949445 -2
2155 16 1509949445 -2
633 16 1509949445 -2
-1

Phial~
686 17 1509949444 -2
869 16 1509949448 -2
876 16 1509949443 -2
877 16 1509949442 -2
878 16 1509949443 -2
893 16 1509949445 -2
901 16 1509949445 -2
902 16 1509949444 -2
909 16 1509949444 -2
910 16 1509949444 -2
911 16 1509949448 -2
929 16 1509949442 -2
938 16 1509949444 -2
939 16 1509949444 -2
940 16 1509949442 -2
941 16 1509949444 -2
951 16 1509949444 -2
953 16 1509949444 -2
954 16 1509949444 -2
956 16 1509949445 -2
967 16 1509949441 -2
1045 16 1509949444 -2
1075 16 1509949444 -2
1106 16 1509949444 -2
389 16 1509949445 -2
-1

Phial - Purple Trog Mix~
686 17 1509949460 -2
901 16 1509949460 -2
876 16 1509949460 -2
893 16 1509949460 -2
902 18 1509962260 -2
909 16 1509962240 -2
-1

Scroll~
1000 17 1509949450 -2
196 16 1509949450 -2
871 16 1509949450 -2
1001 16 1509949450 -2
-1

Minor Ring~
32 17 1509949457 -2
190 16 1509949462 -2
666 16 1509949450 -2
1027 16 1509949442 -2
1219 16 1509949457 -2
1314 16 1509949450 -2
1569 16 1509949455 -2
986 16 1509949445 -2
-1

Incense~
416 17 1509949465 -2
1047 16 1509949470 -2
1054 16 1509949465 -2
1065 16 1509949460 -2
-1

Ingot~
638 17 1509949490 -2
639 16 1509949470 -2
640 16 1509949458 -2
641 16 1509949442 -2
-1

Cleric body armor~
2003 17 1509949444 -2
606 16 1509949445 -2
2005 16 1509949445 -2
2006 16 1509949444 -2
423 16 1509949444 -2
-1

newbie chestwear~
644 17 1509949452 -2
985 16 1509949455 -2
1565 16 1509949450 -2
2000 16 1509949450 -2
2001 16 1509949463 -2
2002 16 1509949460 -2
2003 16 1509949450 -2
-1

Leather Legwear~
646 17 1509949452 -2
2021 16 1509949470 -2
2022 16 1509949460 -2
1077 16 1509949455 -2
2020 16 1509949449 -2
156 16 1509949453 -2
-1

Cleric arm armor~
186 17 1509949443 -2
610 16 1509949444 -2
2043 16 1509949443 -2
2044 16 1509949442 -2
-1

Cleric leg armor~
1077 17 1509949443 -2
614 16 1509949444 -2
2023 16 1509949443 -2
2024 16 1509949443 -2
-1

Small Custom Bits - Good~
621 17 1509949465 -2
994 16 1509949465 -2
1 0 1509949490 0
-1

Small Custom Bits - Evil~
803 17 1509949465 -2
994 16 1509949465 -2
1 0 1509949490 0
-1

