#SHOPS
76867  2235 1997170029 131072     0  0     0 878518387 1751475305
76844  2241 1997170278   512     0  5    20 945627251 1751475305
    0  3319  5000  3336  3  3335  1  3337  1     0  0     0  0 
    0  3318  5000  3336  3  3335  1  3337  1     0  0     0  0 
    0  3301  5000  3336  3  3335  1  3337  1     0  0     0  0 
76843  2240 1997174538 8388608     6  0     0 844963955 1751475305
76842  2239 1997144064 805470211     0  0     0 962404467 1751475305
40037  2237 1997152364     0     0  0     0 945627251 1751475305
    0  2927 25000  2735  4  2926  4     0  0     0  0     0  0 
76890  2236 1997170287 33280     0  4     0 962404467 1751475305
76846  2229 1997172597   320     0  0     0 928850035 1751475305
    0  3313 10000  3314 12  3315  1  3316  1     0  0     0  0 
76845  2228 1997144064   512     0  0     0 811409523 1751475305
76838  2227 1997209344  2048     0  0     0 878518387 1751475305
76840  2226 1997189448     0     0  0     0 811409523 1751475305
76839  2225 1997193216   140     0  0     0 895295603 1751475305
    0  3302 15000  3309  1  3310  5  3311  1     0  0     0  0 
76822  2222 1997170278    32     0  6     0 878518387 1751475305
    0  3285 15000  3306  5  3308  1  3307  1     0  0     0  0 
    0  3286 20000  3304  2  3303  1  3305  2     0  0     0  0 
39103  2195 1997170278     0     0  0     0 895295603 1751475305
27028  1951 1717986918     0     0  0     0 895295603 1751475232
33680  2079 1997198032     1     0  0     0 828186739 1751475305
40799  1632 1997173870     0     0  0     0 844963955 1751475305
47254  1946 1948282469     0     0  0     0 825768499 811409523
  139  1861 1852143392     0     0  0     0 808532529 828186739
   82  1861 1852143370 557056     0  0     0 808598064 878518387
48160  1574 1948282469     0     0  0     0 808466996 861741171
    0  2405     0  2401 10     0  0     0  0     0  0     0  0 
    0  2401     0  1410 10     0  0     0  0     0  0     0  0 
    0  2888  2000  2405  4  2284  1     0  0     0  0     0  0 
52818  1424 1948282469   320     0  0     0 842086963 811409523
    0  2617 45000  2616  5  2622  1     0  0     0  0     0  0 
30035  1740 19904144 524288     0  0   512 1751475305 1948282469
30048  1742 19903952    64     0  0    64 1751475305 1948282469
    0  2552  1000  1689  1  1501  3     0  0     0  0     0  0 
48157  1472 19904528 537526272     0  0     0 1751475305 1948282469
63502  1725 19898784  2048     0  6     0 1751475232 1852143370
    0  1094  1000  1095  1  1096  1     0  0     0  0     0  0 
    0  2461 10000   200  1   585  1  1148  1  2637  1  2180  1 
    0  2462  3000  2474  4   137  1  2475  1  2476  1     0  0 
    0  1983  3500  2763  1  2299  1  1984  1     0  0     0  0 
    0  3172   250  3164  1   803  1     0  0     0  0     0  0 
63525  1426 19904208   544     0  5     0 1751475232 1852143370
    0  1749   450   183 20    41  1     0  0     0  0     0  0 
63518  1446 19923424     0     0  0     0 1751475232 1852143370
63524  1445 19898784    32     0  5     0 1751475232 1852143370
    0  2567  5000   456  1  1715  3     0  0     0  0     0  0 
    0  1984  4000   640  4     0  0     0  0     0  0     0  0 
    0  2564  2000   639  6   135  1  1224  1     0  0     0  0 
63516  1447 19903504 655361     0  0     0 1751475232 1852143370
63511  1727 19904145 690947   130  0     0 1751475232 1852143392
    0  3045    65  2938  1  1117  1     0  0     0  0     0  0 
    0   613   200    93  2     0  0     0  0     0  0     0  0 
    0  2566   500   950  1    44  4     0  0     0  0     0  0 
63513  1731 19904592     1     0  0     0 1751475305 1948282469
63522  1406 19923264 524288     0  0     0 1751475305 1948282469
    0  2948    40  2947  8     0  0     0  0     0  0     0  0 
63503  1726 19923776 134285377     0  0     0 1751475232 1852143370
    0  2497 10000  2375  1     0  0     0  0     0  0     0  0 
30054  1741 19898912     1     0  0     0 1751475305 1948282469
30036  1717 19902992     4     0  0   517 1751475305 1948282469
60017  1798 19903568 655360     0  0     0 1751475232 1852143370
60022  1796 19904209   768     0  8     0 1751475232 1852143370
    0  2611 15000  1463  3  2067  1     0  0     0  0     0  0 
60021  1795 19904689 805994819   192  6     0 1751475232 1852143370
60025  1793 19923360 131072     0  0     0 1751475232 1852143370
    0    24    10    24  1     0  0     0  0     0  0     0  0 
60023  1792 19923840  3084     0  0     0 1751475232 1852143370
    0  2612   500  2285  4    40  1     0  0     0  0     0  0 
48162  1554     0     0     0  4     0 1751475305 1948282469
    0   249   800  2401  1  2366  1  2403  1  2402  1     0  0 
    0   540   250  2408  1     0  0     0  0     0  0     0  0 
    0  2846  8000  2839  4     0  0     0  0     0  0     0  0 
    0  2906  3000  2078  5  2405  4  2236  1     0  0     0  0 
48149  1574     0     0     0  0     0 1751475305 1948282469
    0  2408     0  2404 10     0  0     0  0     0  0     0  0 
    0  2404     0  2399 10     0  0     0  0     0  0     0  0 
    0  2911   250  2017  1     0  0     0  0     0  0     0  0 
48154  1574     0     0     0  0     0 1751475305 1948282469
    0  2407     0  2403 10     0  0     0  0     0  0     0  0 
    0  2403     0  2398 10     0  0     0  0     0  0     0  0 
48161  1574     0     0     0  0     0 1751475305 1948282469
    0  2406     0  2402 10     0  0     0  0     0  0     0  0 
    0  2402     0  2400 10     0  0     0  0     0  0     0  0 
48158  1574     0     0     0  0     0 1751475305 1948282469
    0  2367     0  2366 10     0  0     0  0     0  0     0  0 
    0  2366     0  2365 10     0  0     0  0     0  0     0  0 
48213  1479     0 536871456     0  0     0 1751475305 1948282469
48056  1471     0 268468771     0  3     0 1751475305 1948282469
52847  1480     0     0     0  0     0 1751475305 1948282469
57000  1490     0     1     0 10     1 1751475305 1948282469
33478  1483     0     0     0  0     0 1751475232 1852143370
    0  1985   100  2076  1  2078  3     0  0     0  0     0  0 
52822  1482     0  2060     0  0     0 1751475305 1948282469
52819  1466     0    32     0 10 3930314 1751475305 1948282469
   32     0     0     0     0 1751475232 1852143370     0  1983
30355   422     0  2048     0  0     0 1751475305 1948282469
51252  1353     0     0     0  0     0 1751475305 1948282469
    0  3126 20000   378  1  3130  2     0  0     0  0     0  0 
    0  3123 20000   379  1  3130  2     0  0     0  0     0  0 
    0  3125 20000   382  1  3130  2     0  0     0  0     0  0 
    0  3129 25000  3130  2     0  0     0  0     0  0     0  0 
    0  3122 20000   376  1  3130  2     0  0     0  0     0  0 
    0  3124 20000   378  1  3130  2     0  0     0  0     0  0 
    0  3121 20000   378  1  3130  2     0  0     0  0     0  0 
    0  3120 20000  3130  2   378  1     0  0     0  0     0  0 
    0  1839 45000  1873  1  1874  5     0  0     0  0     0  0 
51501  1347     0  2048     0  0     0 1751475232 1852143370
    0  1804  1000  1753  1     0  0     0  0     0  0     0  0 
    0  1803  1000  1770  1     0  0     0  0     0  0     0  0 
    0  1802  1000  1670  1     0  0     0  0     0  0     0  0 
    0  1805  1000  1801  1     0  0     0  0     0  0     0  0 
    0  1949  1000  2091  1     0  0     0  0     0  0     0  0 
    0  2861  1000  2860  1     0  0     0  0     0  0     0  0 
    0  2863  1000  2862  1     0  0     0  0     0  0     0  0 
    0  2865 10000  2864  5  1781  1     0  0     0  0     0  0 
30757   571     0     0     0  0     0 1751475232 1852143370
36192  1168     0     0     0  0     0 1751475232 1852143370
    0  1183  7500  1485  1  1339  1     0  0     0  0     0  0 
    0  1189  9500  1485  1  1343  1     0  0     0  0     0  0 
    0  1202 12500  1390  1  1485  1     0  0     0  0     0  0 
    0  1207 17500  1485  1  1395  1     0  0     0  0     0  0 
    0  1214 25000  1485  1  1397  1     0  0     0  0     0  0 
36193  1167     0     0     0  0     0 1751475232 1852143370
    0  1084 10000  1451  1  1339  1     0  0     0  0     0  0 
    0  1102 17000  1343  1  1451  1     0  0     0  0     0  0 
    0  1107 25000  1390  1  1451  1     0  0     0  0     0  0 
    0  1151 35000  1395  1  1451  1     0  0     0  0     0  0 
    0  1157 50000  1451  1  1397  1     0  0     0  0     0  0 
20007  1063     0 33281     0  5    28 1751475232 1852143370
    0  1540   500  1541  2  1542  1  1543  2  1544  1  1545  1 
    0  1417   250   439  1  1418  5     0  0     0  0     0  0 
46800  1034     0     0     0  0     0 1751475232 1852143370
    0  1970 20000   207  1  1096  1  1290  1  1495  1   292  1 
36150   957     0 688128     0  0     0 15868016 1919773801
30392   942     0 131072     0  0     0 15536096 14712296
39379   916     0  2048     0  0     0 20393536 1701972493
    0  2476   350   243 20     0  0     0  0     0  0     0  0 
    0  2475  1100   703 20     0  0     0  0     0  0     0  0 
    0  2795  1500     6  1  2794 10     0  0     0  0     0  0 
    0  2887  1000  1082  5  2078  5   600  1   708  1     0  0 
    0   826   100  1082  1     0  0     0  0     0  0     0  0 
36148   909     0 655360     0  0     0 18474832 18315128
30051   828     0   512     0  8     0 16686744 16686728
    0  2870  5000  2196  1  2823  1     0  0     0  0     0  0 
38643   849     0     0     0  0     0 1635412332 2032166241
    0   990  1000   989  4     0  0     0  0     0  0   100  1 
30040   801     0  2052     0  0     0 544239465 1853125422
37247   798     0     0     0  8   136 1869968488 544695667
    0   862 10000   858 15     0  0     0  0     0  0     0  0 
    0   861  7500   858  6     0  0     0  0     0  0     0  0 
    0   648 10000   838 30   859  8     0  0     0  0     0  0 
    0   854  8000   838 20   859  4     0  0     0  0     0  0 
    0   855  7500   838 12   859  2     0  0     0  0     0  0 
    0   856  3500   838  6   859  1     0  0     0  0     0  0 
    0   864 12000   858 20     0  0     0  0     0  0     0  0 
    0   865 15000   858 30     0  0     0  0     0  0     0  0 
37246   796     0     0     0  7   136 1651471973 542340961
    0  1944   100     0  0     0  0     0  0     0  0     0  0 
    0  3168   100     0  0     0  0     0  0     0  0     0  0 
    0  1941   100     0  0     0  0     0  0     0  0     0  0 
    0  1938   100     0  0     0  0     0  0     0  0     0  0 
    0  1952   100     0  0     0  0     0  0     0  0     0  0 
    0  3167   100     0  0     0  0     0  0     0  0     0  0 
    0   865   100     0  0     0  0     0  0     0  0     0  0 
    0  1946   100     0  0     0  0     0  0     0  0     0  0 
37244   795     0     0     0  0   136 1869968488 544695667
    0  2186   100     0  0     0  0     0  0     0  0     0  0 
    0   607   100     0  0     0  0     0  0     0  0     0  0 
    0   616   100     0  0     0  0     0  0     0  0     0  0 
    0   612   100     0  0     0  0     0  0     0  0     0  0 
    0  3166   100     0  0     0  0     0  0     0  0     0  0 
    0  1935   100     0  0     0  0     0  0     0  0     0  0 
    0  1932   100     0  0     0  0     0  0     0  0     0  0 
    0  1929   100     0  0     0  0     0  0     0  0     0  0 
37242   790     0     0     0  7   136 1869968488 544695667
    0  2183   100     0  0     0  0     0  0     0  0     0  0 
    0   614   100     0  0     0  0     0  0     0  0     0  0 
    0   610   100     0  0     0  0     0  0     0  0     0  0 
    0   606   100     0  0     0  0     0  0     0  0     0  0 
37243   794     0     0     0  0   136 1869968488 544695667
    0   619  2500   836 30     0  0     0  0     0  0     0  0 
    0   635  2000   836 20     0  0     0  0     0  0     0  0 
    0   634  1500   836 12     0  0     0  0     0  0     0  0 
    0  2187   750   836  6     0  0     0  0     0  0     0  0 
    0  2185   750  2180  1    70 10     0  0     0  0     0  0 
    0   611  1250  2041  1    70 20     0  0     0  0     0  0 
    0   615  1875  2021  1    70 30     0  0     0  0     0  0 
    0   607  2500  2001  1    70 40     0  0     0  0     0  0 
37245   797     0   512     0  8   136 14009223 14310742
    0   619  5000   838 30     0  0     0  0     0  0     0  0 
    0   635  3750   838 20     0  0     0  0     0  0     0  0 
    0   634  3000   838 12     0  0     0  0     0  0     0  0 
    0  2187  1500   838  6     0  0     0  0     0  0     0  0 
    0   607  5000  2001  1    89 40     0  0     0  0     0  0 
    0   615  4000  2021  1    89 30     0  0     0  0     0  0 
    0   611  3000  2041  1    89 20     0  0     0  0     0  0 
    0  2185  1750  2180  1    89 10     0  0     0  0     0  0 
37060   708     0 537627491   130  6     0 1701978172 1836016238
    0  1451  1000   691 10     0  0  1430 10     0  0     0  0 
    0   789    50   691  2     0  0     0  0     0  0     0  0 
    0   368   250   699  1   700  1   691  5     0  0     0  0 
    0   831    25   691  2     0  0     0  0     0  0     0  0 
    0   842   100   691  3     0  0     0  0     0  0     0  0 
    0   982   150   691  4     0  0     0  0     0  0     0  0 
37061   710     0 35844     0  9 20351 1533878393 1869967904
    0  1838  5000  1845  1  1844  1  1843  1  1842  1  2201  1 
    0  1609 10000  1610  1  1811  2  1096  1     0  0     0  0 
    0   766 10000   742  1   776  1   740  5     0  0   800  1 
    0  1094  1000  1095  1  1096  1     0  0     0  0     0  0 
36759   101     0 524288     0  0     0 1919905056 1952998688
36753   719     0     0     0  4     0 1751474532 1768843040
37021   706     0 19456     0  4     0 1769173861 1931508079
    0  1429   200  1430 30     0  0     0  0     0  0     0  0 
    0   655   100   698  1   389  1    98  1   667  1     0  0 
    0  1792 10000   706  1  1793  1     0  0     0  0     0  0 
30015    10     0 655361   128  0     0 544501536 1835361385
37053   714     0 655360     0  0     0 1869968488 544695667
    0  2487    40  2085  1     0  0     0  0     0  0     0  0 
36081   658     0   512     0  2     0 1819877473 1852055655
    0   664  1500  1110  1     0  0     0  0     0  0     0  0 
36115    95     0  1036     0  0     0 1869967904 1651467385
    0   237  1000  1410 50   210  5   137  1     0  0     0  0 
30817   569     0 33280     2  4     0 10128386 10130709
    0  1309  5000  1316  1  1308  1  1307  3  1306  3  1308  1 
    0   184    20    40  1     0  0     0  0     0  0     0  0 
19021   458     0 655360     0  0     0 1680738829 458976512
33544   454     0    32     0  0     0 1685545330 1711934720
33541   443     0  3084     0  0     0 1696604977 906628352
33536   430     0   512     0  0     0 1852073316 1560939776
33522   428     0  2048     0  0     0 1965056370 1695157504
30357   427     0 17301504     4  0     0 825176370 873073920
30356   426     0    32     0  8     0 1735290733 1695157504
    0   343  7500    65  1   325  1   325  1    89  1     0  0 
27051   383     0     1     0  0     0 539911278 854560
30348   312     0     0     0  0     0     0     0
19001   331     0    32     0  4     0     0     0
    0   591   100   590  1  3005  1     0  0     0  0     0  0 
19031   332     0 524288     0  0     0     0     0
19029   333     0 536873985     4  0     0     0     0
19027   334     0 335708227     0  0     0     0     0
19003   335     0   512     0  4     0     0     0
    0   526  1000   592  1     0  0     0  0     0  0     0  0 
30012   297     0 537559043   128  0     0     0     0
30016   299     0 536879904     0  8     0     0     0
27047   275     0   768     0  0     0     0     0
27029   262     0 657408     0  0     0     0     0
27006   232     0     0     0  0     0     0     0
    0   149   100   147  6   621  1     0  0     0  0     0  0 
    0  3172   250  3164  1   803  1     0  0     0  0     0  0 
27043   228     0 1073741824     0  0     0     0     0
27017   219     0     0     0  0     0     0     0
21091   209     0     1     0  0     0     0     0
27036   226     0   512     0  9     0     0     0
    0  2715  1500   641  1     0  0     0  0     0  0     0  0 
    0   641   500    89  5     0  0     0  0     0  0     0  0 
    0   839  2000   641  5     0  0     0  0     0  0     0  0 
    0   860  5000   641 10     0  0     0  0     0  0     0  0 
27012   219     0     2     0  0     0     0     0
  932   195     0 136644608     0  0     0     0     0
    0  3128   150   247  1     0  0  3119  1     0  0     0  0 
21071   186     0     0     0  0     0     0     0
    0    68   100   227  1    78  1     0  0     0  0     0  0 
  136   120     0  1180     0  0     0     0     0
    0  2793 15000  2791  8   927  2   932  2     0  0     0  0 
    0    65 10000   321  1   322  4     0  0     0  0     0  0 
    0  1467  2000  1426  2     0  0     0  0     0  0     0  0 
    0  3132   625  3084  1  3131  3    14  5     0  0     0  0 
  914  1000     0  1053     0  0     0     0     0
    0   636   250   621  1   737  4   632  1     0  0     0  0 
  134  1001     0 657409     0  0     0     0     0
  911  1002     0 655360     0  0     0     0     0
  918  1003     0    32     0  3     0     0     0
    0   213    50   212  1     0  0     0  0     0  0     0  0 
  130  1004     0 16897     0  7   512     0     0
    0  2870  5000  2196  1  2823  1     0  0     0  0     0  0 
    0  2716  1000   640  1     0  0     0  0     0  0     0  0 
    0   640  1000    75  5     0  0     0  0     0  0     0  0 
    0  2517   500  2494  3  2061  1   639  1     0  0     0  0 
    0   238   500   239  1     0  0     0  0     0  0     0  0 
    0   838  1400   640  5     0  0     0  0     0  0     0  0 
    0   859  3500   640 10     0  0     0  0     0  0     0  0 
    0  2228  2500   640  4  2210  1     0  0     0  0     0  0 
  132  1005     0   320     0  0     0     0     0
    0  2095  1000  2096  5  1996  3  2097  1     0  0     0  0 
    0  1387  5000  2181  1    77  4     0  0     0  0     0  0 
    0  1386  1000  2181  1   998  2   983  2     0  0     0  0 
    0  2893 11000  1069  4  1296  1     0  0     0  0     0  0 
    0  2894 11000  2864  1   182  4     0  0     0  0     0  0 
  148   100     0 603982849     0  0     0     0     0
    0  2828  1000  2827  5     0  0     0  0     0  0     0  0 
  135  1007     0 37120     2  0     0     0     0
    0  1375  3000    77  2  1281  1     0  0     0  0     0  0 
    0  1153  2500  1149  1     0  0     0  0     0  0     0  0 
    0  1281  1000     2  5     0  0     0  0     0  0     0  0 
  137  1008     0 805486851   128  0     0     0     0
  138  1009     0 655361     0  0     0     0     0
  917  1010     0 33281     0  4    12     0     0
    0  2718   200   638  1     0  0     0  0     0  0     0  0 
    0   638   100    63  5     0  0     0  0     0  0     0  0 
    0  1219    50   287  1     0  0     0  0     0  0     0  0 
    0   996   250   994  1  2200  1     0  0     0  0     0  0 
    0   215    40   214  1  2101  1     0  0     0  0     0  0 
    0   836   200   638  5     0  0     0  0     0  0     0  0 
    0   857   800   638 10     0  0     0  0     0  0     0  0 
    0  2644  4500  2643  1  2299  1    89  1    89  1     0  0 
  150  1011     0 65856     2  0     0     0     0
    0  2889  4000     0  0  2284  1  1714  1     0  0     0  0 
    0  3136  1100  3083  2    12 50  2181  1     0  0     0  0 
  912   212     0 131073     0  0     0     0     0
  909  1013     0 805473283     0  0     0     0     0
    0   604   300   189  1     0  0     0  0     0  0     0  0 
    0  1209    75    40  3     0  0     0  0     0  0     0  0 
    0  3045    65  2938  1  1117  1     0  0     0  0     0  0 
  910  1014     0     0     6  0     0     0     0
    0  2078     5  2085  1     0  0     0  0     0  0     0  0 
    0   602 14654   601  1   603  1   604  3     0  0     0  0 
    0  1154    75    41  5     0  0     0  0     0  0     0  0 
    0  1347    15   306  1     0  0     0  0     0  0     0  0 
    0  1777  1000  1275 10  1276  2     0  0     0  0     0  0 
  133  1002     0 565251     0  0     0     0     0
  147  1012     0 131073     0  0     0     0     0
  131   970     0    33     0  7     0     0     0
    0  1267   500  1034  1     0  0     0  0     0  0     0  0 
    0  1427  5000  1427  1  2456  3     0  0     0  0     0  0 
  143     9     0 33281     0  0    12     0     0
  207   108     0     1     0  0     0     0     0
    3    -1     0     0     0  0     0     0     0
  923  1006     0  3072     0  0     0     0     0
    0  1199   550  1121  5    14  1     0  0     0  0     0  0 
    0   496    25   216  4     0  0     0  0     0  0    40  1 
    0   698    25   697  1     0  0     0  0     0  0     0  0 
    0   232   250   233  1  1324  5   621  1     0  0     0  0 
    0   558   100   557  1   545  3     0  0     0  0     0  0 
 3551    20     0     0     0  0     0     0     0
27030   221     0 131072     0  0     0     0     0
27031   222     0    32     0  8     0     0     0
    0  2836   650  1130  2  1132  2     0  0     0  0     0  0 
    0  1617  1200  1612  3   640  3     0  0     0  0     0  0 
    0  1615  1600  1612  4   640  4     0  0     0  0     0  0 
    0   739  2000  1612  5   640  5     0  0     0  0     0  0 
    0  1618  2400  1612  6   640  6     0  0     0  0     0  0 
    0  1616  2800  1612  7   640  7     0  0     0  0     0  0 
    0  1613  3200  1612  8   640  8     0  0     0  0     0  0 
    0  1614  4000  1612 10   640 10     0  0     0  0     0  0 
    0   213    50   212  1     0  0     0  0     0  0     0  0 
    0  2830  1000  1130  2     0  0     0  0     0  0     0  0 
    0  2829  1000  1132  2     0  0     0  0     0  0     0  0 
27044   238     0  2205     0  0     0     0     0
    0  2783  5000  2782  8    12 1000   521  1     0  0     0  0 
    0   776  1000   438  1     0  0     0  0     0  0     0  0 
    0  2479   250  1421  5   184  1     0  0     0  0     0  0 
27038   239     0 18432     0  0     0     0     0
27562   252     0  3100     0  0     0     0     0
    0  2461 10000   200  1   585  1  1148  1  2637  1  2180  1 
    0  2476   350   243 20     0  0     0  0     0  0     0  0 
    0  2475  1100   703 20     0  0     0  0     0  0     0  0 
    0   192   800     8  1    98  1     0  0     0  0     0  0 
27008    -1     0     0     0  0     0     0     0
  488    -1     0   256     0  0     0     0     0
19037   330     0 268437660     0  0     0     0     0
    0   593  2500   583  1     0  0     0  0     0  0     0  0 
27049   344     0 268603650     2  0     0     0     0
    0  2220   400  2218  2     0  0     0  0     0  0     0  0 
33535   437     0   320     0  0     0 1735290733 1695157504
33542   444     0 557058     0  0     0 1953656684 1812598016
31281   441     0     0     0  7     0 1802710567 772410624
    0   363  9000   375  1   640  1     0  0     0  0     0  0 
    0   369 12000   640  1   640  1   375  1     0  0     0  0 
    0   367 12000   640  1   640  1   716  1   375  1     0  0 
    0   365 15000   375  1   375  1   640  1   640  1   640  1 
    0   366 15000   375  1   640  1   640  1   375  1     0  0 
  500   475     0 18432     0  1     0 1215655265 1846152448
    0  2797 12500  2253 25   667  1  1023  1     0  0     0  0 
    0  2824 15000   521  3     0  0     0  0     0  0     0  0 
    0   411 10000   409  2   410  2     0  0     0  0     0  0 
    0   826   100  1082  1     0  0     0  0     0  0     0  0 
30754   456     0    32     0  4     0 559745549 458976512
    0   541  8500  3006  1  1010  1  1008  1     0  0     0  0 
12559   506     0 524288     0  0     0 825702710 873073920
12556   495     0 33282     2  0     0 1735290733 1695157504
12567   495     0   512     0  0     0 1735290733 1695157504
    0   896  5000  1150  1  2200  1    98  1     0  0     0  0 
30824   567     0    32     4  4     0 1735750771 1560939776
    0  3195   200  1408  1     0  0     0  0     0  0     0  0 
    0  3226  4000  3227  1   639  1  1294  1     0  0     0  0 
    0   436   100   435  1     0  0     0  0     0  0     0  0 
30820   568     0     0     4  0     0 1886352750 1678380288
30777   489     0     4     0  0     0 1668641907 1560939776
30756   573     0   512     0  4     0 1936289383 772410624
    0  2333 15000  2331  2  2329  2  2330  2  2332  2  2125  1 
    0   767   300  1997  6     0  0     0  0     0  0     0  0 
    0  1757  4000  1776  4     0  0     0  0     0  0     0  0 
    0  1758  4000  1776  4     0  0     0  0     0  0     0  0 
    0  1759  5000  1776  5     0  0     0  0     0  0     0  0 
    0  1494  5000   435  1   575  1  2081  1     0  0     0  0 
21214   642     0     0     0  0     0 1869967904 1651467385
36062   650     0   768     0  0     0 1919905381 543256180
    0  1397  1000  1313  1     0  0     0  0     0  0     0  0 
    0  1395   900  1271  1     0  0     0  0     0  0     0  0 
    0  1343   700  1223  1     0  0     0  0     0  0     0  0 
    0  1339   600  1426  1     0  0     0  0     0  0     0  0 
36063   651     0 524288     0  0     0 544695667 1952254477
    0  1086  1000   430  1   284  1     0  0     0  0     0  0 
36096   654     0   544     0  4     0 1635017576 1702043759
    0   974 20000   137  1   859  2  1118  2     0  0   975  1 
36118   663     0     0     0  0     0 1634296933 1680738829
36122   661     0     0     0  0     0 1768693875 1751477356
36120   662     0     0     0  0     0 1718971424 975773737
36104   655     0     0     0  0     0 1768843040 1919905645
36092   668     0 268599298     0  3     0 1835343971 1970565920
36116   671     0 131072     0  0     0 543453047 1848510989
36068   676     0  3072     0  0     0 1914728306 1684369966
27037   677     0   320     0  0     0 1936224112 543323513
    0  1139  1000   688  1   688  1   688  1  1140  1     0  0 
    0  2688 25000  2695  1     0  0     0  0     0  0     0  0 
    0  2895 15000  3058  1     0  0     0  0     0  0     0  0 
  142   615     0   513     0  1     0 1936224112 543323513
    0  1924   250   639  1     0  0     0  0     0  0     0  0 
  241   678     0     0     0  0     0 1752447520 825308682
37064   793     0   768     0  6 65292 1752460905 1852255790
    0  2717   500   639  1     0  0     0  0     0  0     0  0 
    0   639   200    70  5     0  0     0  0     0  0     0  0 
    0   837   800   639  5     0  0     0  0     0  0     0  0 
    0   858  2000   639 10     0  0     0  0     0  0     0  0 
36761    -1     0     0     0  0     0 1629512289 1948742432
37241   775     0   512     0  6 16264 1952539499 544829301
    0  2722 45000   860 30     0  0     0  0     0  0     0  0 
    0  2720 25000   860 15     0  0     0  0     0  0     0  0 
    0  2721 35000   860 20     0  0     0  0     0  0     0  0 
    0  2719 15000   860  6     0  0     0  0     0  0     0  0 
37240   791     0   512     0  0   136 1651471732 540095092
    0   648  5000   836 30   857  8     0  0     0  0     0  0 
    0   854  4000   836 20   857  4     0  0     0  0     0  0 
    0   855  3500   836 12   857  2     0  0     0  0     0  0 
    0   856  1500   836  6   857  1     0  0     0  0     0  0 
    0   619  7500   839 30     0  0     0  0     0  0     0  0 
    0   635  6000   839 20     0  0     0  0     0  0     0  0 
    0   634  5000   839 12     0  0     0  0     0  0     0  0 
    0  2187  3000   839  6     0  0     0  0     0  0     0  0 
37248   799     0     0     0  8     0 661856353 1953784163
    0  1191   200   641  2     0  0     0  0     0  0     0  0 
    0  1190   125   640  2     0  0     0  0     0  0     0  0 
    0  1188    75   639  2     0  0     0  0     0  0     0  0 
    0   620    50   638  2     0  0     0  0     0  0     0  0 
    0  1948   100     0  0     0  0     0  0     0  0     0  0 
    0  1954   100     0  0     0  0     0  0     0  0     0  0 
    0  2639   100     0  0     0  0     0  0     0  0     0  0 
    0  3332   100     0  0     0  0     0  0     0  0     0  0 
    0  3169   100     0  0     0  0     0  0     0  0     0  0 
    0  3170   100     0  0     0  0     0  0     0  0     0  0 
    0  3333   100     0  0     0  0     0  0     0  0     0  0 
    0  3334   100     0  0     0  0     0  0     0  0     0  0 
30021   298     0 134285312     0  2     0 1869950474 219896685
41001   883     0   768     0  4   140 17704552 17705424
    0  1955  1000   857  4  2080  1   620 10     0  0     0  0 
    0  1119   200  2080  1     0  0   857  2     0  0     0  0 
    0   963   500  2080  1   858  2     0  0     0  0     0  0 
    0   921  1000  2080  1   859  2     0  0     0  0     0  0 
    0  3182  2000  2080  1   860  2     0  0     0  0     0  0 
    0  1956  2000   858  4  2080  1  1188 10     0  0     0  0 
    0  1957  4000   859  4  2080  1  1190 10     0  0     0  0 
    0   332  8000   860  4  2080  1  1191 10     0  0     0  0 
36147   910     0 67109120     0  0     0 17288008 825243757
41002   841     0   512     0  4 4194304 17704544 1952254477
    0  1958  5000   620 20   857  6  2080  1     0  0     0  0 
    0  1959  7500   858  6  1188 20  2080  1     0  0     0  0 
    0  1960 10000   859  6  1190 20  2080  1     0  0     0  0 
    0  3183 12500   860  6  1191 20  2080  1     0  0     0  0 
    0  1815 10000  1816  1  1817  1     0  0     0  0     0  0 
36176   922     0 262465     2  0     0 16318280 1936682341
30384   923     0     0     2  7     0 15333184 14221192
30386   924     0 541231107     0  8   115 15575136 1634562671
    0  2789  2000  2308  5     0  0     0  0     0  0     0  0 
30388   925     0 203696457    24  0     0 15905144 1769240878
36152   927     0 524288     0  0     0 15485720 1634562671
30397   926     0   512     0  8 4194304 15729088 1634610698
    0  2228  2500   640  4  2210  1     0  0     0  0     0  0 
36183   626     0     0     2  5     0     0 875835710
    0  1237   700  1227  5     0  0     0  0     0  0     0  0 
    0  1236  1000  1227 10     0  0     0  0     0  0     0  0 
    0  1235  1000  1227 15     0  0     0  0     0  0     0  0 
    0  1234  1500  1227 20     0  0     0  0     0  0     0  0 
    0  1239   500  1238  5     0  0     0  0     0  0     0  0 
    0  1240   750  1238 10     0  0     0  0     0  0     0  0 
    0  1241   750  1238 15     0  0     0  0     0  0     0  0 
    0  1242  1100  1238 20     0  0     0  0     0  0     0  0 
    0  1244  2000  1213  5     0  0     0  0     0  0     0  0 
    0  1245   500  1243 10     0  0     0  0     0  0     0  0 
36184   627     0     0     0  0     0     0 1914724722
19388  1020     0     0     2  0   516 1751475232 1852143370
20069  1090     0     0     0  0     0 1751475232 1852143370
34579  1103     0   544     2  8 3602436 1751475232 1852143370
    0  2787  7500  2786  4   376  1     0  0    31  1     0  0 
    0  1760 12000  1463  5     0  0     0  0     0  0     0  0 
    0  1461 30000  1463  3  1462  1     0  0     0  0     0  0 
    0  1464 10000  1465  2  1467  1     0  0     0  0     0  0 
    0  1474 20000  1426  4   375  1  1330  1     0  0     0  0 
20062  1105     0 805863427   192  0   543 1751475305 1948282469
    0  1603   275  1418  1     0  0     0  0     0  0     0  0 
20065  1108     0   320     0  0     0 1751475305 1948282469
    0   922   250   925  5   803  1     0  0     0  0     0  0 
    0  1676 10000  1675  5  1689  1     0  0     0  0     0  0 
    0  1375  3000  1281  1    77  1    77  1     0  0     0  0 
20079  1110     0 134285569     0  0     0 1751475305 1948282469
    0  3128   150  3119  1   247  1     0  0     0  0     0  0 
20010   867     0    32     0  3     0 1751475305 1948282469
    0  1713 10000  1715  5  1714  5     0  0     0  0     0  0 
    0  1551    75  1552  1     0  0     0  0     0  0     0  0 
    0  1590  2500  1591  1  1604  1     0  0     0  0     0  0 
20012  1116     0   513     0  0     4 1751475305 1948282469
20084  1114     0     1     0  0     0 1751475305 1948282469
20071  1140     0 655360     0  0     0 1751475305 1948282469
20066  1136     0 19468     0  0     0 1751475305 1948282469
    0   776  1000   438  1     0  0     0  0     0  0     0  0 
    0  1536   100  1538  4  1537  4  1539  1     0  0     0  0 
    0  1711  4000     0  0  1672  6  1686  1     0  0     0  0 
20028  1145     0 655360     0  0     0 1751475305 1948282469
20067   869     0 526336     6  0     0 1751475305 1948282469
20073  1223     0     0    32  7     0 1751475232 1852143370
19396  1247     0 131072     0  0     0 1751475305 1948282469
    0  1624  1000   835  5     0  0     0  0     0  0     0  0 
    0  1631    20  1721  4     0  0     0  0     0  0     0  0 
47760  1147     0     0     0  0     0 1751475305 1948282469
    0  1562   475     0  0     0  0     0  0  1601  3     0  0 
    0  1580   425  1601  2     0  0  2123  1     0  0     0  0 
    0  1630    50  1610  1     0  0     0  0     0  0     0  0 
  512     0     0     7 14336 1751475232 1852143370     0  1925
    0  1918   500   857  2  1920  2     0  0     0  0     0  0 
 1764     0     0     0     5  0 1751475232 1852143370     0
    0   620    50   638  2     0  0     0  0     0  0     0  0 
    0  1188    75   639  2     0  0     0  0     0  0     0  0 
    0  1190   125   640  2     0  0     0  0     0  0     0  0 
    0    63    50   638  1     0  0     0  0     0  0     0  0 
    0    70   200   639  2     0  0     0  0     0  0     0  0 
 1770     0     0     0     5  0 1751475232 1852143370     0
    0  1948 25000   859 30     0  0     0  0     0  0     0  0 
    0  1947 15000   858 30     0  0     0  0     0  0     0  0 
    0  1946 10000   857 30     0  0     0  0     0  0     0  0 
    0  1954 15000   859 15     0  0     0  0     0  0     0  0 
    0  1953 10000   858 15     0  0     0  0     0  0     0  0 
 1769     0     0     0     5  0 1751475232 1852143370     0
    0   607  3750    75 30     0  0     0  0     0  0     0  0 
    0   607  2500    70 30     0  0     0  0     0  0     0  0 
    0   607  1000    63 30     0  0     0  0     0  0     0  0 
    0   612  2000    75 15     0  0     0  0     0  0     0  0 
    0   847  1250    70 15     0  0     0  0     0  0     0  0 
    0   610   700    63 15     0  0     0  0     0  0     0  0 
    0   615  2500    75 20     0  0     0  0     0  0     0  0 
    0   615  1875    70 20     0  0     0  0     0  0     0  0 
 1768     0     0     0     0  0 1751475232 1852143370     0
    0  1928  2500   836 30     0  0     0  0     0  0     0  0 
    0  1929  3500   837 30     0  0     0  0     0  0     0  0 
    0  1930  5000   838 30     0  0     0  0     0  0     0  0 
    0  1931  1900   836 20     0  0     0  0     0  0     0  0 
    0  1932  2500   837 20     0  0     0  0     0  0     0  0 
    0  1933  3500   838 20     0  0     0  0     0  0     0  0 
    0  1934  1500   836 15     0  0     0  0     0  0     0  0 
    0  1935  2000   837 15     0  0     0  0     0  0     0  0 
 1766     0     0     0     5  0 1751475232 1852143370     0
    0  1939 10000   838 30   859  8     0  0     0  0     0  0 
    0  1938  8000   837 30   858  8     0  0     0  0     0  0 
    0  1937  5000   836 30   857  8     0  0     0  0     0  0 
    0  1942  8000   838 20   859  4     0  0     0  0     0  0 
    0  1941  6000   837 20   858  4     0  0     0  0     0  0 
    0  1940  4000   836 20   857  4     0  0     0  0     0  0 
    0  1945  7500   838 12   859  2     0  0     0  0     0  0 
    0  1944  5250   837 12   858  2     0  0     0  0     0  0 
 1765     0     0     0     0  0 1751475232 1852143370     0
    0  1957  3700   859  4  1190 10  2080  1     0  0     0  0 
    0  1956  2000   858  4  1188 10  2080  1     0  0     0  0 
    0  1955  1000   857  4   620 10  2080  1     0  0     0  0 
    0  1960  6000  1190 20   859  6  2080  1     0  0     0  0 
    0  1959  4000  1188 20   858  6  2080  1     0  0     0  0 
55020  1442     0  3228     0  5     0 1751475232 1852143370
55017  1440     0    32     0  4     0 1751475232 1852143370
55018  1441     0 524288     0  0     0 1751475232 1852143370
55013  1439     0   512     0  4    20 1751475232 1852143370
    0  1860  7500  2532  2  1859  5  1861  1     0  0     0  0 
    0  1969 15000  1964  4  1964  1    31  1     0  0     0  0 
52821  1623     0   512     0  0 2848960 1751475305 1948282469
    0  2178 15000  2177  3   644  1   700  1   699  1     0  0 
    0  2208 15000  2177  3   646  1   700  1   699  1     0  0 
48192  1288     0     0     0  0     0 1751475305 1948282469
48065  1547     0     0     0  0     0 1751475305 1948282469
    0  1548  5000  2150  1  2048  1  1553  1   629  1  2272  1 
    0  1561  1000  1895  1  2796  1     0  0     0  0     0  0 
    0  1549 10000  2037  8  2046  1  2635  1     0  0     0  0 
    0  2890  5000  2796  1  2284  1     0  0     0  0     0  0 
48168  1556     0 536890388     0  0     0 1751475305 1948282469
48153  1550     0  3228     0  0     0 1751475305 1948282469
48152  1549     0  3228     0  0     0 1751475305 1948282469
    0  2615  8000  2367  1  2155  1   389  1     0  0     0  0 
48164  1553     0 805994499   128  0     0 1751475305 1948282469
60018  1797     1   288     0  8 2128066     0 1768383858
    0  2610  5000  2614 20    78  1   379  1     0  0     0  0 
  130     0     0   512 1751475232  5 52295  1725  2052
    0  2462  9000   137  1  2474  4  2475  1  2476  1     0  0 
    0  2461 10000    74  1   585  1   200  1  2180  1     0  0 
30061  1767     0     0     6  0     0 1751475305 1948282469
    0  2554   500  2553  3    55  1     0  0     0  0     0  0 
63535  1430     0     0     0  0     0 1751475232 1852143370
    0   836   200   638  5     0  0     0  0     0  0     0  0 
    0   837   800   639  5     0  0     0  0     0  0     0  0 
    0   838  1400   640  5     0  0     0  0     0  0     0  0 
    0   857   800   638 10     0  0     0  0     0  0     0  0 
    0   858  2000   639 10     0  0     0  0     0  0     0  0 
    0   859  3500   640 10     0  0     0  0     0  0     0  0 
63500  1724     0     0     0  7     0 1751475232 1852143370
    0  2473  3000  2459  2     0  0     0  0     0  0     0  0 
    0  2471  6500   881  1  2472  1  2141  1     0  0     0  0 
63537  1764     0     0     0  0     0 1751475232 1852143370
    0   620    50   638  2     0  0     0  0     0  0     0  0 
    0  1188    75   639  2     0  0     0  0     0  0     0  0 
    0  1190   125   640  2     0  0     0  0     0  0     0  0 
    0   861 10000   859  6     0  0     0  0     0  0     0  0 
    0   861  7500   858  6     0  0     0  0     0  0     0  0 
    0   861  2000   857  6     0  0     0  0     0  0     0  0 
    0   856  3500   838  6   859  1     0  0     0  0     0  0 
    0   856  1950   837  6   858  1     0  0     0  0     0  0 
    0   856  1500   836  6   857  1     0  0     0  0     0  0 
63538  1765     0     0     0  0     0 1751475232 1852143370
    0  1955  1000   857  4   620 10  2080  1     0  0     0  0 
    0  1918   500   857  2  2080  1  1920  2     0  0     0  0 
    0  1956  2000   858  4  1188 10  2080  1     0  0     0  0 
    0  1957  4000   859  4  1190 10  2080  1     0  0     0  0 
63539  1766     0     0     0  0     0 1751475232 1852143370
    0  1932  2500   837 20     0  0     0  0     0  0     0  0 
    0  1931  1900   836 20     0  0     0  0     0  0     0  0 
    0  1933  3500   838 20     0  0     0  0     0  0     0  0 
    0   864 17500   859 20     0  0     0  0     0  0     0  0 
    0   864 12000   858 20     0  0     0  0     0  0     0  0 
    0   864  8000   857 20     0  0     0  0     0  0     0  0 
63540  1768     0     0     0  0     0 1751475232 1852143370
    0  1946 10000   857 30     0  0     0  0     0  0     0  0 
    0  1947 15000   858 30     0  0     0  0     0  0     0  0 
    0  1948 25000   859 30     0  0     0  0     0  0     0  0 
    0  1929  3500   837 30     0  0     0  0     0  0     0  0 
    0  1928  2500   836 30     0  0     0  0     0  0     0  0 
    0  1930  5000   838 30     0  0     0  0     0  0     0  0 
63536  1769     0     0     0  0     0 1751475232 1852143370
    0  1952  6000   857 15     0  0     0  0     0  0     0  0 
    0  1953 10000   858 15     0  0     0  0     0  0     0  0 
    0  1954 15000   859 15     0  0     0  0     0  0     0  0 
    0  1935  2000   837 12     0  0     0  0     0  0     0  0 
    0  1934  1500   836 12     0  0     0  0     0  0     0  0 
    0  1936  3000   838 12     0  0     0  0     0  0     0  0 
63541  1770     0     0     0  0     0 1751475232 1852143370
    0  1925   250  2125  1  1924  3     0  0     0  0     0  0 
60027  1794 1852143370     0     0  0     0 808598068 928850035
21318  1901 1852143370 655360     0  0     0 825440819 828186739
66071  1952 1948282469     0     6  0   896 825637428 895295603
    0  2677 10000    41  2  2762  1   601  2  2761  2     0  0 
    0  2840   200  1602 10     0  0     0  0     0  0     0  0 
45835  1268 1997172234     0     0  0     0 844963955 1751475305
    0  2785  7500  2840  5     0  0     0  0     0  0     0  0 
30822   579 1997171054     0     0  0     0 878518387 1751475305
    0  2497 10000  2375  1     0  0     0  0     0  0     0  0 
    0  2891  7000  2139  4     0  0     0  0     0  0     0  0 
    0  2892  9000   219  5     0  0     0  0     0  0     0  0 
40753  2134 1997152370     0     0  0     0 962404467 1751475305
    0  3074 200000  3079 20   985  1     0  0     0  0     0  0 
    0  3076 150000  3079 15  2021  1     0  0     0  0     0  0 
    0  3075 100000  3079 10  2041  1     0  0     0  0     0  0 
33567  2194 1997172340 524288     0  0     0 844963955 1751475305
33285   477 1734439524     0     0  0     0 912072819 1751475232
    0  2577   100   107  1   679  1  1212  1  1889  1  3157  1 
76765  2208 1997144064 524288     0  0     0 861741171 1751475305
76766  2212 1997152358 524288     0  0     0 928850035 1751475305
76823  2213 1997146745   512     0  7 4190272 895295603 1751475305
    0  3294 45000  3300  5   838  3  3317  2     0  0     0  0 
    0  3278 25000  3279  5  3280  1  3281  1     0  0     0  0 
    0  3293 10000  3289  1  3290  1   641 10     0  0     0  0 
    0  3292  7500  3289  1  3290  1   640 10     0  0     0  0 
    0  3288  5000  3289  1  3290  1   639 10     0  0     0  0 
    0  3291  3500  3289  1  3290  1   638 10     0  0     0  0 
76768  2244 1997144064 524288     0  0     0 878518387 1751475305
76769  2245 1997144064 524288     0  0     0 895295603 1751475305
76775  2242 1997169515 524288     0  0     0 912072819 1751475305
76774  2243 1997170278 524288     0  0     0 912072819 1751475305
76864  2234 1997144064 131072     0  0     0 895295603 1751475305
-1

#$

